# Created by Octave 4.2.1, Thu Feb 08 14:48:35 2018 GMT <unknown@unknown>
# name: V
# type: matrix
# rows: 10
# columns: 1
 192261.83
 191792.06
 191050.39
 182901.99
 166187.94
 156991.12
 156122.51
 155752.6
 152211.77
 149759.96


